50
50
01011010000011001000100000111110110111101010111101
11001010111000010110111101000111110010110011000111
10101101000010000110011011101100101011100000111100
01001010111001100110110110010000000111100011111100
10100010010000011100010011101011000000101111110001
01000001011001101010001011000101110100111001110100
01011111011011000011101010000110110101000011001101
11010110111101111010001011111010100000111110111110
01110000100001001000111100011100100001111101001000
11001010100101011010100110000010111101111000111101
10110110111100100010111101110111111101110111001010
01111011101011110101111000011001110000011011100101
10110110100010000111101000000110110011011100100000
00101000010100000010111000000011100110100000101001
10110110011100011101010111100011111111101010101111
10011010000001010001100010011111011010011101001101
11011100111101110001000111011010111111110001010001
11101111010110010111111001010001110001100000110100
01000010101110000110001110110111110111011101111010
00011101101100010000000111100100001010000000111000
10011011100110001110110011110000110110100010000101
10001111110010111000000101111101101101001110101110
11001011101110111010100000110011001010000111111111
10100010010011000101001100011100100000100100001100
11110110110000011101101111010010000111001101110000
00100110111110101000000100001110000111101111110101
01110001000110111010111010110000111010110110011111
00011000111000011111001011011001100101010011111001
11011001100100010011100100000111010000000000101010
10100001010110100111010100011100100011100100011100
11101111101011110110110000010010010000101111010000
01111101000010001110100110011010001100000110011011
01111001111100010111111001110100101011111011010111
00000101000110010111100100011100011000100010111000
11011011100110100000001111001101010111010100010011
10010010010011000100010100001110011010101101101010
00010000011011000001001100011001110111011000011101
01010011001000010000100111010110100000100000011011
11110010110001100110000001001111101101110011010101
10011101011111110111001011010110000101101111010101
10100110011110011100010101100101101001100110111000
01100010101001001101010000010110100011111111011001
11010011110001100001001111101011110111011000001011
10100111011100110101111101000101110110000100111001
11000011110111110011101111100011100111111001111010
11000101101001101001011010011001101001101010010100
11011000000001011001101010111001000110110010100000
10110000001100000110010000010110011100011111110001
10001111010100111001100000110101111001110010001110
11001011110011001111011001110110100011101110101010
400 350 300 250 200 150 100 50