27
25
1111100011111111111111000
1111011100110111001111110
1110100011011111000000111
1101100111111111110001111
1011111000011000011101101
0000011111011111110111001
0000000111111110111000111
1111000111001110111111011
1111110111001111111111110
1110000111111000001110000
1111111100011111000000000
0011111111111111011000000
0111111111100011111111000
0111111101111111011111100
1111111111000111000100000
1110111100000001011100000
1111000001111011111001111
0111000111111001110011110
0111111100011111111111000
0011111111100000000110011
1111100011111001111100111
0000111100111011001111100
1111110011111111111000000
1100000110111100001101000
1111000011111111111000011
1100001111100001111111111
0001111100110000001110011
1101110000000111111100111
15 8 12 4 3 8 12 7