18
70
1111111111111111101111111111111111111111111111111111011111111111111111
1111111111111111101111111111111111111111111111111111011111111111111111
1111111111111111101111111111111111111111111111111111011111111111111111
1111111111111111101111111111111111111111111111111111011111111111111111
1111111111111111101111111111111111111111111111111111011111111111111111
1111111111111111101111111111111111111111111111111111011111111111111111
1111111111111111101111111111111111111111111111111111011111111111111111
1111111111111111101111111111111111111111111111111111011111111111111111
1111111111111111101111111111111111111111111111111111011111111111111111
1111111111111111101111111111111111111111111111111111011111111111111111
1111111111111111101111111111111111111111111111111111011111111111111111
1111111111111111101111111111111111111111111111111111011111111111111111
1111111111111111101111111111111111111111111111111111011111111111111111
1111111111111111101111111111111111111111111111111111011111111111111111
1111111111111111101111111111111111111111111111111111011111111111111111
1111111111111111101111111111111111111111111111111111011111111111111111
1111111111111111101111111111111111111111111111111111011111111111111111
1111111111111111101111111111111111111111111111111111011111111111111111
5
1
5
1
8
1
1
3
3
3
2
1
1
2
8
3
2
7
3
2
6
2
1
3
1
2
8
7
2
3
1
3
1
2
1
3
1
6
6
1
5
1
6
3
4
2
8
3
6
3
3
4
2
4
1
3
1
8
4
4
2
1
1
7
2
3
2
5
2
5
5
5
1
6
4
3
2
5
7
4
6
3
1
1
8
5
3
1
3
2
3
2
3
4
1
5
2
7
3
1
